-0.250057727098465
-0.212980687618256
-0.170849621295929
0.830274999141693
0.57723194360733
1.44719958305359
0.575621902942657
0.630993485450745
-0.378342986106873
-1.61435848474503
0.237230718135834
0.37374572455883
-0.927639842033386
-1.06150609254837
0.503496885299683
-0.558863461017609
-0.984830558300018
0.630993485450745
-0.0209671407938004
-1.61435848474503
0.63787554204464
0.37374572455883
1.1552172601223
-1.06150609254837
0.0877711623907089
-0.558863461017609
0.182609483599663
0.630993485450745
-0.0227257758378983
-1.61435848474503
1.0202429741621
0.37374572455883
-0.721499726176262
-1.06150609254837
-1.24509346485138
-0.558863461017609